Configuration,Term,J,Level (eV),Uncertainty (eV),Leading percentages,Reference
"=""3s2.3p4""","=""3P""","=""2""","="" 0.0000000""","=""""","=""                                            ""","=""L7237"""
"=""3s2.3p4""","=""3P""","=""1""","="" 0.0491046""","=""""","=""                                            ""","="""""
"=""3s2.3p4""","=""3P""","=""0""","="" 0.0711223""","=""""","=""                                            ""","="""""
"=""3s2.3p4""","=""1D""","=""2""","="" 1.1454415""","=""""","=""                                            ""","="""""
"=""3s2.3p4""","=""1S""","=""0""","="" 2.7499638""","=""""","=""                                            ""","="""""
"=""3s2.3p3.(4S*).4s""","=""5S*""","=""2""","="" 6.5244998""","=""""","="" 100                                        ""","="""""
"=""3s2.3p3.(4S*).4s""","=""3S*""","=""1""","="" 6.8601463""","=""""","="" 100                                        ""","="""""
"=""3s2.3p3.(4S*).4p""","=""5P""","=""1""","="" 7.8663095""","=""""","=""                                            ""","="""""
"=""3s2.3p3.(4S*).4p""","=""5P""","=""2""","="" 7.8676829""","=""""","=""                                            ""","="""""
"=""3s2.3p3.(4S*).4p""","=""5P""","=""3""","="" 7.8699033""","=""""","=""                                            ""","="""""
"=""3s2.3p3.(4S*).4p""","=""3P""","=""1""","="" 8.0452062""","=""""","=""                                            ""","="""""
"=""3s2.3p3.(4S*).4p""","=""3P""","=""0""","="" 8.0455065""","=""""","=""                                            ""","="""""
"=""3s2.3p3.(4S*).4p""","=""3P""","=""2""","="" 8.0456548""","=""""","=""                                            ""","="""""
"=""3s2.3p3.(2D*).4s""","=""3D*""","=""1""","="" 8.4081559""","=""""","=""  96         :     3  3s2.3p3.(4S*).3d 3D*  ""","="""""
"=""3s2.3p3.(2D*).4s""","=""3D*""","=""2""","="" 8.4092516""","=""""","=""  96         :     3  3s2.3p3.(4S*).3d 3D*  ""","="""""
"=""3s2.3p3.(2D*).4s""","=""3D*""","=""3""","="" 8.4114435""","=""""","=""  96         :     3  3s2.3p3.(4S*).3d 3D*  ""","="""""
"=""3s2.3p3.(4S*).3d""","=""5D*""","=""4""","="" 8.4157542""","=""""","=""  97         :     1  3s2.3p3.(4S*).4d 5D*  ""","="""""
"=""3s2.3p3.(4S*).3d""","=""5D*""","=""0""","="" 8.4165629""","=""""","=""  97         :     1  3s2.3p3.(4S*).4d 5D*  ""","="""""
"=""3s2.3p3.(4S*).3d""","=""5D*""","=""1""","="" 8.4167336""","=""""","=""  97         :     1  3s2.3p3.(4S*).4d 5D*  ""","="""""
"=""3s2.3p3.(4S*).3d""","=""5D*""","=""2""","="" 8.4170151""","=""""","=""  97         :     1  3s2.3p3.(4S*).4d 5D*  ""","="""""
"=""3s2.3p3.(4S*).3d""","=""5D*""","=""3""","="" 8.4172892""","=""""","=""  97         :     1  3s2.3p3.(4S*).4d 5D*  ""","="""""
"=""3s2.3p3.(2D*).4s""","=""1D*""","=""2""","="" 8.5844038""","=""""","=""  99                                        ""","="""""
"=""3s2.3p3.(4S*).3d""","=""3D*""","=""1""","="" 8.6993079""","=""""","=""  95         :     3  3s2.3p3.(2D*).4s 3D*  ""","="""""
"=""3s2.3p3.(4S*).3d""","=""3D*""","=""2""","="" 8.6994994""","=""""","=""  95         :     3  3s2.3p3.(2D*).4s 3D*  ""","="""""
"=""3s2.3p3.(4S*).3d""","=""3D*""","=""3""","="" 8.7004632""","=""""","=""  96         :     3  3s2.3p3.(2D*).4s 3D*  ""","="""""
"=""3s2.3p3.(4S*).5s""","=""5S*""","=""2""","="" 8.7660287""","=""""","="" 100                                        ""","="""""
"=""3s2.3p3.(4S*).5s""","=""3S*""","=""1""","="" 8.8464460""","=""""","=""  99                                        ""","="""""
"=""3s.3p5""","=""3P*""","=""2""","="" 8.9297753""","=""""","=""  58         :    15  3s2.3p3.(2D*).3d 3P*  ""","="""""
"=""3s.3p5""","=""3P*""","=""1""","="" 8.9742649""","=""""","=""  57         :    15  3s2.3p3.(2D*).3d 3P*  ""","="""""
"=""3s.3p5""","=""3P*""","=""0""","="" 8.9977354""","=""""","=""  57         :    15  3s2.3p3.(2D*).3d 3P*  ""","="""""
"=""3s2.3p3.(4S*).5p""","=""5P""","=""1""","="" 9.1638282""","=""""","=""                                            ""","="""""
"=""3s2.3p3.(4S*).5p""","=""5P""","=""2""","="" 9.1642831""","=""""","=""                                            ""","="""""
"=""3s2.3p3.(4S*).5p""","=""5P""","=""3""","="" 9.1650311""","=""""","=""                                            ""","="""""
"=""3s2.3p3.(4S*).5p""","=""3P""","=""2""","="" 9.2081263""","=""""","=""                                            ""","="""""
"=""3s2.3p3.(4S*).5p""","=""3P""","=""1""","="" 9.2082568""","=""""","=""                                            ""","="""""
"=""3s2.3p3.(4S*).5p""","=""3P""","=""0""","="" 9.2085111""","=""""","=""                                            ""","="""""
"=""3s2.3p3.(4S*).4d""","=""5D*""","=""4""","="" 9.295485""","=""""","=""  95         :     2  3s2.3p3.(4S*).3d 5D*  ""","="""""
"=""3s2.3p3.(4S*).4d""","=""5D*""","=""3""","="" 9.295604""","=""""","=""  95         :     2  3s2.3p3.(4S*).3d 5D*  ""","="""""
"=""3s2.3p3.(4S*).4d""","=""5D*""","=""2""","="" 9.295739""","=""""","=""  95         :     2  3s2.3p3.(4S*).3d 5D*  ""","="""""
"=""3s2.3p3.(4S*).4d""","=""5D*""","=""1""","="" 9.295847""","=""""","=""  95         :     2  3s2.3p3.(4S*).3d 5D*  ""","="""""
"=""3s2.3p3.(4S*).4d""","=""5D*""","=""0""","="" 9.295915""","=""""","=""  95         :     2  3s2.3p3.(4S*).3d 5D*  ""","="""""
"=""3s2.3p3.(4S*).4d""","=""3D*""","=""1""","="" 9.416842""","=""""","=""  98                                        ""","="""""
"=""3s2.3p3.(4S*).4d""","=""3D*""","=""2""","="" 9.416891""","=""""","=""  98                                        ""","="""""
"=""3s2.3p3.(4S*).4d""","=""3D*""","=""3""","="" 9.417409""","=""""","=""  98                                        ""","="""""
"=""3s2.3p3.(4S*).6s""","=""5S*""","=""2""","="" 9.480335""","=""""","="" 100                                        ""","="""""
"=""3s2.3p3.(4S*).4f""","=""5F""","=""4""","="" 9.5039798""","=""""","=""                                            ""","="""""
"=""3s2.3p3.(4S*).4f""","=""5F""","=""5""","="" 9.5039801""","=""""","=""                                            ""","="""""
"=""3s2.3p3.(4S*).4f""","=""5F""","=""3""","="" 9.5039832""","=""""","=""                                            ""","="""""
"=""3s2.3p3.(4S*).4f""","=""5F""","=""2""","="" 9.5039853""","=""""","=""                                            ""","="""""
"=""3s2.3p3.(4S*).4f""","=""5F""","=""1""","="" 9.5039898""","=""""","=""                                            ""","="""""
"=""3s2.3p3.(4S*).4f""","=""3F""","=""4""","="" 9.5041729""","=""""","=""                                            ""","="""""
"=""3s2.3p3.(4S*).4f""","=""3F""","=""3""","="" 9.5041736""","=""""","=""                                            ""","="""""
"=""3s2.3p3.(4S*).4f""","=""3F""","=""2""","="" 9.5041771""","=""""","=""                                            ""","="""""
"=""3s2.3p3.(4S*).6s""","=""3S*""","=""1""","="" 9.512148""","=""""","="" 100                                        ""","="""""
"=""3s2.3p3.(2P*).4s""","=""3P*""","=""0""","="" 9.563586""","=""""","=""  95         :     3  3s.3p5           3P*  ""","="""""
"=""3s2.3p3.(2P*).4s""","=""3P*""","=""1""","="" 9.565398""","=""""","=""  94         :     3  3s.3p5           3P*  ""","="""""
"=""3s2.3p3.(2P*).4s""","=""3P*""","=""2""","="" 9.569243""","=""""","=""  95         :     3  3s.3p5           3P*  ""","="""""
"=""3s2.3p3.(4S*).6p""","=""5P""","=""1""","="" 9.6522616""","=""""","=""                                            ""","="""""
"=""3s2.3p3.(4S*).6p""","=""5P""","=""2""","="" 9.6525708""","=""""","=""                                            ""","="""""
"=""3s2.3p3.(4S*).6p""","=""5P""","=""3""","="" 9.6529691""","=""""","=""                                            ""","="""""
"=""3s2.3p3.(2D*).4p""","=""1P""","=""1""","="" 9.6527781""","=""""","=""                                            ""","="""""
"=""3s2.3p3.(4S*).6p""","=""3P""","=""2""","="" 9.6571952""","=""""","=""                                            ""","="""""
"=""3s2.3p3.(4S*).6p""","=""3P""","=""0""","="" 9.6586428""","=""""","=""                                            ""","="""""
"=""3s2.3p3.(4S*).6p""","=""3P""","=""1""","="" 9.6600482""","=""""","=""                                            ""","="""""
"=""3s2.3p3.(2D*).4p""","=""3D""","=""2""","="" 9.6896219""","=""""","=""                                            ""","="""""
"=""3s2.3p3.(2D*).4p""","=""3D""","=""1""","="" 9.6896547""","=""""","=""                                            ""","="""""
"=""3s2.3p3.(2D*).4p""","=""3D""","=""3""","="" 9.6959586""","=""""","=""                                            ""","="""""
"=""3s2.3p3.(4S*).5d""","=""5D*""","=""0""","="" ""","=""""","=""  94         :     2  3s2.3p3.(4S*).4d 5D*  ""","="""""
"=""3s2.3p3.(4S*).5d""","=""5D*""","=""1""","="" ""","=""""","=""  94         :     2  3s2.3p3.(4S*).4d 5D*  ""","="""""
"=""3s2.3p3.(4S*).5d""","=""5D*""","=""4""","="" 9.704256""","=""""","=""  94         :     2  3s2.3p3.(4S*).4d 5D*  ""","="""""
"=""3s2.3p3.(4S*).5d""","=""5D*""","=""3""","="" 9.704308""","=""""","=""  94         :     2  3s2.3p3.(4S*).4d 5D*  ""","="""""
"=""3s2.3p3.(4S*).5d""","=""5D*""","=""2""","="" 9.704366""","=""""","=""  94         :     2  3s2.3p3.(4S*).4d 5D*  ""","="""""
"=""3s2.3p3.(2P*).4s""","=""1P*""","=""1""","="" 9.706529""","=""""","=""  76         :    16  3s2.3p3.(2D*).3d 1P*  ""","="""""
"=""3s2.3p3.(2D*).4p""","=""3F""","=""2""","="" 9.721587""","=""""","=""                                            ""","="""""
"=""3s2.3p3.(2D*).4p""","=""3F""","=""3""","="" 9.724801""","=""""","=""                                            ""","="""""
"=""3s2.3p3.(2D*).4p""","=""3F""","=""4""","="" 9.728177""","=""""","=""                                            ""","="""""
"=""3s2.3p3.(2D*).4p""","=""1F""","=""3""","="" 9.7501078""","=""""","=""                                            ""","="""""
"=""3s2.3p3.(4S*).5d""","=""3D*""","=""2""","="" 9.756486""","=""""","=""  98         :     1  3s2.3p3.(2D*).3d 3D*  ""","="""""
"=""3s2.3p3.(4S*).5d""","=""3D*""","=""3""","="" 9.756540""","=""""","=""  98         :     1  3s2.3p3.(2D*).3d 3D*  ""","="""""
"=""3s2.3p3.(4S*).5d""","=""3D*""","=""1""","="" 9.756630""","=""""","=""  98         :     1  3s2.3p3.(2D*).3d 3D*  ""","="""""
"=""3s2.3p3.(4S*).7s""","=""5S*""","=""2""","="" 9.801948""","=""""","=""                                            ""","="""""
"=""3s2.3p3.(4S*).5f""","=""5F""","=""1""","="" 9.812458""","=""""","=""                                            ""","="""""
"=""3s2.3p3.(4S*).5f""","=""5F""","=""4""","="" 9.812458""","=""""","=""                                            ""","="""""
"=""3s2.3p3.(4S*).5f""","=""5F""","=""2""","="" 9.812458""","=""""","=""                                            ""","="""""
"=""3s2.3p3.(4S*).5f""","=""5F""","=""5""","="" 9.812458""","=""""","=""                                            ""","="""""
"=""3s2.3p3.(4S*).5f""","=""5F""","=""3""","="" 9.812458""","=""""","=""                                            ""","="""""
"=""3s2.3p3.(4S*).5f""","=""3F""","=""3""","="" 9.812612""","=""""","=""                                            ""","="""""
"=""3s2.3p3.(4S*).5f""","=""3F""","=""4""","="" 9.812612""","=""""","=""                                            ""","="""""
"=""3s2.3p3.(4S*).5f""","=""3F""","=""2""","="" 9.812612""","=""""","=""                                            ""","="""""
"=""3s2.3p3.(4S*).7s""","=""3S*""","=""1""","="" 9.817732""","=""""","=""                                            ""","="""""
"=""3s2.3p3.(2D*).4p""","=""3P""","=""2""","="" 9.841345""","=""""","=""                                            ""","="""""
"=""3s2.3p3.(2D*).4p""","=""3P""","=""1""","="" 9.845002""","=""""","=""                                            ""","="""""
"=""3s2.3p3.(2D*).4p""","=""3P""","=""0""","="" 9.846578""","=""""","=""                                            ""","="""""
"=""3s2.3p3.(4S*).7p""","=""5P""","=""2""","="" ""","=""""","=""                                            ""","="""""
"=""3s2.3p3.(4S*).7p""","=""5P""","=""1""","="" ""","=""""","=""                                            ""","="""""
"=""3s2.3p3.(4S*).7p""","=""5P""","=""3""","="" 9.892144""","=""""","=""                                            ""","="""""
"=""3s2.3p3.(4S*).6d""","=""5D*""","=""1""","="" ""","=""""","=""  95         :     2  3s2.3p3.(4S*).5d 5D*  ""","="""""
"=""3s2.3p3.(4S*).6d""","=""5D*""","=""4""","="" 9.917763""","=""""","=""  95         :     2  3s2.3p3.(4S*).5d 5D*  ""","="""""
"=""3s2.3p3.(4S*).6d""","=""5D*""","=""3""","="" 9.917784""","=""""","=""  95         :     2  3s2.3p3.(4S*).5d 5D*  ""","="""""
"=""3s2.3p3.(4S*).6d""","=""5D*""","=""2""","="" 9.917806""","=""""","=""  95         :     2  3s2.3p3.(4S*).5d 5D*  ""","="""""
"=""3s2.3p3.(4S*).6d""","=""5D*""","=""0""","="" 10.25654""","=""""","=""  95         :     2  3s2.3p3.(4S*).5d 5D*  ""","="""""
"=""3s2.3p3.(4S*).7p""","=""3P""","=""2""","="" 9.932713""","=""""","=""                                            ""","="""""
"=""3s2.3p3.(4S*).7p""","=""3P""","=""1""","="" 9.933640""","=""""","=""                                            ""","="""""
"=""3s2.3p3.(4S*).7p""","=""3P""","=""0""","="" 9.934093""","=""""","=""                                            ""","="""""
"=""3s2.3p3.(4S*).6d""","=""3D*""","=""3""","="" 9.941321""","=""""","=""  98         :     1  3s2.3p3.(2D*).3d 3D*  ""","="""""
"=""3s2.3p3.(4S*).6d""","=""3D*""","=""2""","="" 9.941528""","=""""","=""  98         :     1  3s2.3p3.(2D*).3d 3D*  ""","="""""
"=""3s2.3p3.(4S*).6d""","=""3D*""","=""1""","="" 9.941747""","=""""","=""  98         :     1  3s2.3p3.(2D*).3d 3D*  ""","="""""
"=""3s2.3p3.(4S*).8s""","=""5S*""","=""2""","="" 9.974417""","=""""","=""                                            ""","="""""
"=""3s2.3p3.(4S*).6f""","=""5F""","=""1""","="" 9.980023""","=""""","=""                                            ""","="""""
"=""3s2.3p3.(4S*).6f""","=""5F""","=""4""","="" 9.980023""","=""""","=""                                            ""","="""""
"=""3s2.3p3.(4S*).6f""","=""5F""","=""2""","="" 9.980023""","=""""","=""                                            ""","="""""
"=""3s2.3p3.(4S*).6f""","=""5F""","=""5""","="" 9.980023""","=""""","=""                                            ""","="""""
"=""3s2.3p3.(4S*).6f""","=""5F""","=""3""","="" 9.980023""","=""""","=""                                            ""","="""""
"=""3s2.3p3.(4S*).6f""","=""3F""","=""3""","="" 9.980130""","=""""","=""                                            ""","="""""
"=""3s2.3p3.(4S*).6f""","=""3F""","=""4""","="" 9.980130""","=""""","=""                                            ""","="""""
"=""3s2.3p3.(4S*).6f""","=""3F""","=""2""","="" 9.980130""","=""""","=""                                            ""","="""""
"=""3s2.3p3.(4S*).8s""","=""3S*""","=""1""","="" 9.983389""","=""""","=""                                            ""","="""""
"=""3s2.3p3.(4S*).7d""","=""5D*""","=""4""","="" 10.042135""","=""""","=""                                            ""","="""""
"=""3s2.3p3.(4S*).7d""","=""5D*""","=""2""","="" 10.042151""","=""""","=""                                            ""","="""""
"=""3s2.3p3.(4S*).7d""","=""5D*""","=""3""","="" 10.042151""","=""""","=""                                            ""","="""""
"=""3s2.3p3.(4S*).8p""","=""3P""","=""0""","="" 10.042175""","=""""","=""                                            ""","="""""
"=""3s2.3p3.(4S*).8p""","=""3P""","=""1""","="" 10.042175""","=""""","=""                                            ""","="""""
"=""3s2.3p3.(4S*).8p""","=""3P""","=""2""","="" 10.042228""","=""""","=""                                            ""","="""""
"=""3s2.3p3.(4S*).7d""","=""3D*""","=""3""","="" 10.052675""","=""""","=""                                            ""","="""""
"=""3s2.3p3.(4S*).7d""","=""3D*""","=""2""","="" 10.052944""","=""""","=""                                            ""","="""""
"=""3s2.3p3.(4S*).7d""","=""3D*""","=""1""","="" 10.053218""","=""""","=""                                            ""","="""""
"=""3s2.3p3.(4S*).9s""","=""5S*""","=""2""","="" 10.077629""","=""""","=""                                            ""","="""""
"=""3s2.3p3.(4S*).7f""","=""5F""","=""2""","="" 10.081011""","=""""","=""                                            ""","="""""
"=""3s2.3p3.(4S*).7f""","=""5F""","=""5""","="" 10.081011""","=""""","=""                                            ""","="""""
"=""3s2.3p3.(4S*).7f""","=""5F""","=""3""","="" 10.081011""","=""""","=""                                            ""","="""""
"=""3s2.3p3.(4S*).7f""","=""5F""","=""1""","="" 10.081011""","=""""","=""                                            ""","="""""
"=""3s2.3p3.(4S*).7f""","=""5F""","=""4""","="" 10.081011""","=""""","=""                                            ""","="""""
"=""3s2.3p3.(4S*).7f""","=""3F""","=""3""","="" 10.081102""","=""""","=""                                            ""","="""""
"=""3s2.3p3.(4S*).7f""","=""3F""","=""4""","="" 10.081102""","=""""","=""                                            ""","="""""
"=""3s2.3p3.(4S*).7f""","=""3F""","=""2""","="" 10.081102""","=""""","=""                                            ""","="""""
"=""3s2.3p3.(4S*).9s""","=""3S*""","=""1""","="" 10.083239""","=""""","=""                                            ""","="""""
"=""3s2.3p3.(2D*).3d""","=""1P*""","=""1""","="" 10.097062""","=""""","=""  58         :    23  3s2.3p3.(2P*).4s 1P*  ""","="""""
"=""3s2.3p3.(4S*).8d""","=""5D*""","=""4""","="" 10.120669""","=""""","=""                                            ""","="""""
"=""3s2.3p3.(4S*).8d""","=""5D*""","=""3""","="" 10.120685""","=""""","=""                                            ""","="""""
"=""3s2.3p3.(4S*).8d""","=""5D*""","=""2""","="" 10.120685""","=""""","=""                                            ""","="""""
"=""3s2.3p3.(4S*).8d""","=""3D*""","=""3""","="" 10.124928""","=""""","=""                                            ""","="""""
"=""3s2.3p3.(4S*).8d""","=""3D*""","=""2""","="" 10.125245""","=""""","=""                                            ""","="""""
"=""3s2.3p3.(4S*).8d""","=""3D*""","=""1""","="" 10.125533""","=""""","=""                                            ""","="""""
"=""3s2.3p3.(4S*).10s""","=""5S*""","=""2""","="" 10.144288""","=""""","=""                                            ""","="""""
"=""3s2.3p3.(4S*).8f""","=""5F""","=""2""","="" 10.146551""","=""""","=""                                            ""","="""""
"=""3s2.3p3.(4S*).8f""","=""5F""","=""5""","="" 10.146551""","=""""","=""                                            ""","="""""
"=""3s2.3p3.(4S*).8f""","=""5F""","=""3""","="" 10.146551""","=""""","=""                                            ""","="""""
"=""3s2.3p3.(4S*).8f""","=""5F""","=""1""","="" 10.146551""","=""""","=""                                            ""","="""""
"=""3s2.3p3.(4S*).8f""","=""5F""","=""4""","="" 10.146551""","=""""","=""                                            ""","="""""
"=""3s2.3p3.(4S*).10s""","=""3S*""","=""1""","="" 10.148067""","=""""","=""                                            ""","="""""
"=""3s2.3p3.(4S*).9d""","=""5D*""","=""4""","="" 10.173367""","=""""","=""                                            ""","="""""
"=""3s2.3p3.(4S*).9d""","=""5D*""","=""3""","="" 10.173367""","=""""","=""                                            ""","="""""
"=""3s2.3p3.(4S*).9d""","=""5D*""","=""2""","="" 10.173389""","=""""","=""                                            ""","="""""
"=""3s2.3p3.(4S*).9d""","=""3D*""","=""3""","="" 10.174354""","=""""","=""                                            ""","="""""
"=""3s2.3p3.(4S*).9d""","=""3D*""","=""2""","="" 10.174565""","=""""","=""                                            ""","="""""
"=""3s2.3p3.(4S*).9d""","=""3D*""","=""1""","="" 10.175038""","=""""","=""                                            ""","="""""
"=""3s2.3p3.(4S*).11s""","=""3S*""","=""1""","="" 10.192514""","=""""","=""                                            ""","="""""
"=""3s2.3p3.(4S*).10d""","=""3D*""","=""3""","="" 10.210194""","=""""","=""                                            ""","="""""
"=""3s2.3p3.(4S*).10d""","=""3D*""","=""2""","="" 10.210390""","=""""","=""                                            ""","="""""
"=""3s2.3p3.(4S*).10d""","=""3D*""","=""1""","="" 10.210502""","=""""","=""                                            ""","="""""
"=""3s2.3p3.(4S*).10d""","=""5D*""","=""4""","="" 10.21048""","=""""","=""                                            ""","="""""
"=""3s2.3p3.(4S*).11d""","=""3D*""","=""3""","="" 10.23637""","=""""","=""                                            ""","="""""
"=""3s2.3p3.(4S*).11d""","=""3D*""","=""2""","="" 10.23658""","=""""","=""                                            ""","="""""
"=""3s2.3p3.(4S*).11d""","=""3D*""","=""1""","="" 10.23668""","=""""","=""                                            ""","="""""
"=""3s2.3p3.(2D*).3d""","=""1F*""","=""3""","="" 10.241642""","=""""","=""                                            ""","="""""
"=""3s2.3p3.(4S*).12d""","=""3D*""","=""3""","="" 10.25637""","=""""","=""                                            ""","="""""
"=""3s2.3p3.(4S*).12d""","=""3D*""","=""1""","="" 10.25654""","=""""","=""                                            ""","="""""
"=""3s2.3p3.(4S*).12d""","=""3D*""","=""2""","="" 10.25659""","=""""","=""                                            ""","="""""
"=""3s2.3p3.(4S*).13d""","=""3D*""","=""1""","="" ""","=""""","=""                                            ""","="""""
"=""3s2.3p3.(4S*).13d""","=""3D*""","=""3""","="" 10.27197""","=""""","=""                                            ""","="""""
"=""3s2.3p3.(4S*).13d""","=""3D*""","=""2""","="" 10.27213""","=""""","=""                                            ""","="""""
"=""3s2.3p3.(4S*).14d""","=""3D*""","=""1""","="" 10.28433""","=""""","=""                                            ""","="""""
"=""3s2.3p3.(4S*).14d""","=""3D*""","=""2""","="" 10.28433""","=""""","=""                                            ""","="""""
"=""3s2.3p3.(4S*).14d""","=""3D*""","=""3""","="" 10.28433""","=""""","=""                                            ""","="""""
"=""S II (3p3 4S*<3/2>)""","=""Limit""","=""---""","="" 10.36001""","=""0.00012""","=""                                            ""","=""L7237"""
"=""3s2.3p3.(2D*).3d""","=""3D*""","=""1""","="" 10.40a""","=""0.12""","=""                                            ""","="""""
"=""3s2.3p3.(2D*).3d""","=""3D*""","=""3""","="" 10.40a""","=""0.12""","=""                                            ""","="""""
"=""3s2.3p3.(2D*).3d""","=""3D*""","=""2""","="" 10.40a""","=""0.12""","=""                                            ""","="""""
"=""3s2.3p3.(2D*).3d""","=""3S*""","=""1""","="" 10.592a""","=""""","=""                                            ""","="""""
"=""3s2.3p3.(2D*).3d?""","=""1D*?""","=""2""","="" 10.6148""","=""""","=""                                            ""","="""""
"=""3s2.3p3.(2D*).5s""","=""3D*""","=""2""","="" 10.623a""","=""0.012""","=""                                            ""","="""""
"=""3s2.3p3.(2D*).5s""","=""3D*""","=""1""","="" 10.623a""","=""0.012""","=""                                            ""","="""""
"=""3s2.3p3.(2D*).5s""","=""3D*""","=""3""","="" 10.623a""","=""0.012""","=""                                            ""","="""""
"=""3s2.3p3.(2D*).5s""","=""1D*""","=""2""","="" 10.676041""","=""""","=""                                            ""","="""""
"=""3s2.3p3.(2D*).3d""","=""3P*""","=""0""","="" 10.721307""","=""""","=""                                            ""","="""""
"=""3s2.3p3.(2D*).3d""","=""3P*""","=""1""","="" 10.722720""","=""""","=""                                            ""","="""""
"=""3s2.3p3.(2D*).3d""","=""3P*""","=""2""","="" 10.725031""","=""""","=""                                            ""","="""""
"=""3s2.3p3.(2D*).4d""","=""3D*""","=""3""","="" 11.23a""","=""0.12""","=""                                            ""","="""""
"=""3s2.3p3.(2D*).4d""","=""3D*""","=""2""","="" 11.23a""","=""0.12""","=""                                            ""","="""""
"=""3s2.3p3.(2D*).4d""","=""3D*""","=""1""","="" 11.23a""","=""0.12""","=""                                            ""","="""""
"=""3s2.3p3.(2D*).4d""","=""3S*""","=""1""","="" 11.306a""","=""""","=""                                            ""","="""""
"=""3s2.3p3.(2D*).4d""","=""1D*""","=""2""","="" 11.3168""","=""""","=""                                            ""","="""""
"=""3s2.3p3.(2D*).6s""","=""3D*""","=""2""","="" 11.330a""","=""0.012""","=""                                            ""","="""""
"=""3s2.3p3.(2D*).6s""","=""3D*""","=""1""","="" 11.330a""","=""0.012""","=""                                            ""","="""""
"=""3s2.3p3.(2D*).6s""","=""3D*""","=""3""","="" 11.330a""","=""0.012""","=""                                            ""","="""""
"=""3s2.3p3.(2D*).4d""","=""3P*""","=""0""","="" 11.3407?""","=""""","=""                                            ""","="""""
"=""3s2.3p3.(2D*).4d""","=""3P*""","=""1""","="" 11.3428""","=""""","=""                                            ""","="""""
"=""3s2.3p3.(2D*).4d""","=""3P*""","=""2""","="" 11.3469""","=""""","=""                                            ""","="""""
"=""3s2.3p3.(2D*).6s""","=""1D*""","=""2""","="" 11.3501?""","=""""","=""                                            ""","="""""
"=""3s2.3p3.(2D*).5d""","=""3D*""","=""1""","="" 11.581a""","=""0.012""","=""                                            ""","="""""
"=""3s2.3p3.(2D*).5d""","=""3D*""","=""3""","="" 11.581a""","=""0.012""","=""                                            ""","="""""
"=""3s2.3p3.(2D*).5d""","=""3D*""","=""2""","="" 11.581a""","=""0.012""","=""                                            ""","="""""
"=""3s2.3p3.(2D*).5d""","=""3S*""","=""1""","="" 11.6327""","=""""","=""                                            ""","="""""
"=""3s2.3p3.(2D*).5d""","=""1D*""","=""2""","="" 11.638""","=""""","=""                                            ""","="""""
"=""3s2.3p3.(2D*).7s""","=""3D*""","=""3""","="" 11.6525""","=""""","=""                                            ""","="""""
"=""3s2.3p3.(2D*).7s""","=""3D*""","=""2""","="" 11.6525""","=""""","=""                                            ""","="""""
"=""3s2.3p3.(2D*).7s""","=""3D*""","=""1""","="" 11.6525""","=""""","=""                                            ""","="""""
"=""3s2.3p3.(2D*<3/2>).5f""","=""""","=""""","="" 11.65407""","=""""","=""                                            ""","="""""
"=""3s2.3p3.(2D*<5/2>).5f""","=""""","=""""","="" 11.65856""","=""""","=""                                            ""","="""""
"=""3s2.3p3.(2D*).7s""","=""1D*""","=""2""","="" 11.6589""","=""""","=""                                            ""","="""""
"=""3s2.3p3.(2P*).3d""","=""3D*""","=""2""","="" 11.677a""","=""0.012""","=""                                            ""","="""""
"=""3s2.3p3.(2P*).3d""","=""3D*""","=""1""","="" 11.677a""","=""0.012""","=""                                            ""","="""""
"=""3s2.3p3.(2P*).3d""","=""3D*""","=""3""","="" 11.677a""","=""0.012""","=""                                            ""","="""""
"=""3s2.3p3.(2P*).3d""","=""3P*""","=""1""","="" 11.7018""","=""""","=""                                            ""","="""""
"=""3s2.3p3.(2P*).3d""","=""3P*""","=""0""","="" 11.7018""","=""""","=""                                            ""","="""""
"=""3s2.3p3.(2P*).3d""","=""3P*""","=""2""","="" 11.7018""","=""""","=""                                            ""","="""""
"=""3s2.3p3.(2D*).5d""","=""3P*""","=""1""","="" 11.7058""","=""""","=""                                            ""","="""""
"=""3s2.3p3.(2D*).5d""","=""3P*""","=""2""","="" 11.7058""","=""""","=""                                            ""","="""""
"=""3s2.3p3.(2D*).7p""","=""""","=""""","="" 11.76306""","=""""","=""                                            ""","="""""
"=""3s2.3p3.(2D*).6d""","=""3D*""","=""1""","="" 11.79a""","=""0.12""","=""                                            ""","="""""
"=""3s2.3p3.(2D*).6d""","=""3D*""","=""3""","="" 11.79a""","=""0.12""","=""                                            ""","="""""
"=""3s2.3p3.(2D*).6d""","=""3D*""","=""2""","="" 11.79a""","=""0.12""","=""                                            ""","="""""
"=""3s2.3p3.(2P*).5s""","=""3P*""","=""0""","="" 11.8009?""","=""""","=""                                            ""","="""""
"=""3s2.3p3.(2P*).5s""","=""3P*""","=""2""","="" 11.8030""","=""""","=""                                            ""","="""""
"=""3s2.3p3.(2P*).5s""","=""3P*""","=""1""","="" 11.8043""","=""""","=""                                            ""","="""""
"=""3s2.3p3.(2D*).6d""","=""3S*""","=""1""","="" 11.8102a""","=""""","=""                                            ""","="""""
"=""3s2.3p3.(2D*).6d""","=""1D*""","=""2""","="" 11.8156""","=""""","=""                                            ""","="""""
"=""3s2.3p3.(2D*<3/2>).6f""","=""""","=""""","="" 11.82178""","=""""","=""                                            ""","="""""
"=""3s2.3p3.(2D*).8s""","=""3D*""","=""2""","="" 11.822""","=""0.012""","=""                                            ""","="""""
"=""3s2.3p3.(2D*).8s""","=""3D*""","=""1""","="" 11.822""","=""0.012""","=""                                            ""","="""""
"=""3s2.3p3.(2D*).8s""","=""3D*""","=""3""","="" 11.822""","=""0.012""","=""                                            ""","="""""
"=""3s2.3p3.(2D*<5/2>).6f""","=""""","=""""","="" 11.82603""","=""""","=""                                            ""","="""""
"=""3s2.3p3.(2D*).6d""","=""3P*""","=""2""","="" 11.8560""","=""""","=""                                            ""","="""""
"=""3s2.3p3.(2D*).6d""","=""3P*""","=""1""","="" 11.8560""","=""""","=""                                            ""","="""""
"=""3s2.3p3.(2P*).5s""","=""1P*""","=""1""","="" 11.857719""","=""""","=""                                            ""","="""""
"=""3s2.3p3.(2P*).3d""","=""1P*""","=""1""","="" 11.88680""","=""""","=""                                            ""","="""""
"=""3s2.3p3.(2D*).8p""","=""""","=""""","="" 11.88772""","=""""","=""                                            ""","="""""
"=""3s2.3p3.(2D*).7d""","=""3D*""","=""3""","="" 11.9032a""","=""""","=""                                            ""","="""""
"=""3s2.3p3.(2D*).7d""","=""3D*""","=""2""","="" 11.9032a""","=""""","=""                                            ""","="""""
"=""3s2.3p3.(2D*).7d""","=""3D*""","=""1""","="" 11.9032a""","=""""","=""                                            ""","="""""
"=""3s2.3p3.(2D*).7d""","=""3S*""","=""1""","="" 11.9148""","=""""","=""                                            ""","="""""
"=""3s2.3p3.(2D*).7d""","=""1D*""","=""2""","="" 11.9190""","=""""","=""                                            ""","="""""
"=""3s2.3p3.(2D*<3/2>).7f""","=""""","=""""","="" 11.92232""","=""""","=""                                            ""","="""""
"=""3s2.3p3.(2D*<5/2>).7f""","=""""","=""""","="" 11.92656""","=""""","=""                                            ""","="""""
"=""3s2.3p3.(2D*).9s""","=""3D*""","=""3""","="" 11.9278""","=""""","=""                                            ""","="""""
"=""3s2.3p3.(2D*).9s""","=""3D*""","=""2""","="" 11.9278""","=""""","=""                                            ""","="""""
"=""3s2.3p3.(2D*).9s""","=""3D*""","=""1""","="" 11.9278""","=""""","=""                                            ""","="""""
"=""3s2.3p3.(2D*).7d""","=""3P*""","=""2""","="" 11.9412""","=""""","=""                                            ""","="""""
"=""3s2.3p3.(2D*).7d""","=""3P*""","=""1""","="" 11.9412""","=""""","=""                                            ""","="""""
"=""3s2.3p3.(2D*).9p""","=""""","=""""","="" 11.96611""","=""""","=""                                            ""","="""""
"=""3s2.3p3.(2D*).8d""","=""3D*""","=""2""","="" 11.9791a""","=""""","=""                                            ""","="""""
"=""3s2.3p3.(2D*).8d""","=""3D*""","=""1""","="" 11.9791a""","=""""","=""                                            ""","="""""
"=""3s2.3p3.(2D*).8d""","=""3D*""","=""3""","="" 11.9791a""","=""""","=""                                            ""","="""""
"=""3s2.3p3.(2D*).8d""","=""3S*""","=""1""","="" 11.9829""","=""""","=""                                            ""","="""""
"=""3s2.3p3.(2D*).8d""","=""1D*""","=""2""","="" 11.9864""","=""""","=""                                            ""","="""""
"=""3s2.3p3.(2D*<3/2>).8f""","=""""","=""""","="" 11.98792""","=""""","=""                                            ""","="""""
"=""3s2.3p3.(2D*).10s""","=""3D*""","=""1""","="" 11.9913""","=""""","=""                                            ""","="""""
"=""3s2.3p3.(2D*).10s""","=""3D*""","=""3""","="" 11.9913""","=""""","=""                                            ""","="""""
"=""3s2.3p3.(2D*).10s""","=""3D*""","=""2""","="" 11.9913""","=""""","=""                                            ""","="""""
"=""3s2.3p3.(2D*<5/2>).8f""","=""""","=""""","="" 11.99196""","=""""","=""                                            ""","="""""
"=""3s2.3p3.(2D*).10p""","=""""","=""""","="" 12.01866""","=""""","=""                                            ""","="""""
"=""3s2.3p3.(2D*).9d""","=""3D*""","=""2""","="" 12.0280a""","=""""","=""                                            ""","="""""
"=""3s2.3p3.(2D*).9d""","=""3D*""","=""1""","="" 12.0280a""","=""""","=""                                            ""","="""""
"=""3s2.3p3.(2D*).9d""","=""3D*""","=""3""","="" 12.0280a""","=""""","=""                                            ""","="""""
"=""3s2.3p3.(2D*<3/2>).9f""","=""""","=""""","="" 12.03300""","=""""","=""                                            ""","="""""
"=""3s2.3p3.(2D*<5/2>).9f""","=""""","=""""","="" 12.03702""","=""""","=""                                            ""","="""""
"=""3s2.3p3.(2D*).11s""","=""3D*""","=""3""","="" 12.0375""","=""""","=""                                            ""","="""""
"=""3s2.3p3.(2D*).11s""","=""3D*""","=""2""","="" 12.0375""","=""""","=""                                            ""","="""""
"=""3s2.3p3.(2D*).11s""","=""3D*""","=""1""","="" 12.0375""","=""""","=""                                            ""","="""""
"=""3s2.3p3.(2D*).11p""","=""""","=""""","="" 12.05523""","=""""","=""                                            ""","="""""
"=""3s2.3p3.(2D*).10d""","=""3D*""","=""3""","="" 12.0607a""","=""""","=""                                            ""","="""""
"=""3s2.3p3.(2D*).10d""","=""3D*""","=""2""","="" 12.0607a""","=""""","=""                                            ""","="""""
"=""3s2.3p3.(2D*).10d""","=""3D*""","=""1""","="" 12.0607a""","=""""","=""                                            ""","="""""
"=""3s2.3p3.(2D*<3/2>).10f""","=""""","=""""","="" 12.06488""","=""""","=""                                            ""","="""""
"=""3s2.3p3.(2D*).12s""","=""3D*""","=""1""","="" 12.0670""","=""""","=""                                            ""","="""""
"=""3s2.3p3.(2D*).12s""","=""3D*""","=""3""","="" 12.0670""","=""""","=""                                            ""","="""""
"=""3s2.3p3.(2D*).12s""","=""3D*""","=""2""","="" 12.0670""","=""""","=""                                            ""","="""""
"=""3s2.3p3.(2D*<5/2>).10f""","=""""","=""""","="" 12.06896""","=""""","=""                                            ""","="""""
"=""3s2.3p3.(2D*).12p""","=""""","=""""","="" 12.08289""","=""""","=""                                            ""","="""""
"=""3s2.3p3.(2D*<3/2>).11f""","=""""","=""""","="" 12.08908""","=""""","=""                                            ""","="""""
"=""3s2.3p3.(2D*).13s""","=""3D*""","=""1""","="" 12.0913""","=""""","=""                                            ""","="""""
"=""3s2.3p3.(2D*).13s""","=""3D*""","=""3""","="" 12.0913""","=""""","=""                                            ""","="""""
"=""3s2.3p3.(2D*).13s""","=""3D*""","=""2""","="" 12.0913""","=""""","=""                                            ""","="""""
"=""3s2.3p3.(2D*<5/2>).11f""","=""""","=""""","="" 12.09297""","=""""","=""                                            ""","="""""
"=""3s2.3p3.(2D*<3/2>).12f""","=""""","=""""","="" 12.10701""","=""""","=""                                            ""","="""""
"=""3s2.3p3.(2D*).14s""","=""3D*""","=""1""","="" 12.1089""","=""""","=""                                            ""","="""""
"=""3s2.3p3.(2D*).14s""","=""3D*""","=""3""","="" 12.1089""","=""""","=""                                            ""","="""""
"=""3s2.3p3.(2D*).14s""","=""3D*""","=""2""","="" 12.1089""","=""""","=""                                            ""","="""""
"=""3s2.3p3.(2D*<5/2>).12f""","=""""","=""""","="" 12.11081""","=""""","=""                                            ""","="""""
"=""3s2.3p3.(2D*<3/2>).13f""","=""""","=""""","="" 12.12089""","=""""","=""                                            ""","="""""
"=""3s2.3p3.(2D*).15s""","=""3D*""","=""3""","="" 12.1229""","=""""","=""                                            ""","="""""
"=""3s2.3p3.(2D*).15s""","=""3D*""","=""2""","="" 12.1229""","=""""","=""                                            ""","="""""
"=""3s2.3p3.(2D*).15s""","=""3D*""","=""1""","="" 12.1229""","=""""","=""                                            ""","="""""
"=""3s2.3p3.(2D*<5/2>).13f""","=""""","=""""","="" 12.12491""","=""""","=""                                            ""","="""""
"=""3s2.3p3.(2D*<3/2>).14f""","=""""","=""""","="" 12.13203""","=""""","=""                                            ""","="""""
"=""3s2.3p3.(2D*).16s""","=""3D*""","=""3""","="" 12.134""","=""0.012""","=""                                            ""","="""""
"=""3s2.3p3.(2D*).16s""","=""3D*""","=""2""","="" 12.134""","=""0.012""","=""                                            ""","="""""
"=""3s2.3p3.(2D*).16s""","=""3D*""","=""1""","="" 12.134""","=""0.012""","=""                                            ""","="""""
"=""3s2.3p3.(2D*<5/2>).14f""","=""""","=""""","="" 12.13619""","=""""","=""                                            ""","="""""
"=""3s2.3p3.(2D*<3/2>).15f""","=""""","=""""","=""[12.14120]""","=""""","=""                                            ""","="""""
"=""3s2.3p3.(2D*).17s""","=""3D*""","=""2""","="" 12.143""","=""0.012""","=""                                            ""","="""""
"=""3s2.3p3.(2D*).17s""","=""3D*""","=""1""","="" 12.143""","=""0.012""","=""                                            ""","="""""
"=""3s2.3p3.(2D*).17s""","=""3D*""","=""3""","="" 12.143""","=""0.012""","=""                                            ""","="""""
"=""3s2.3p3.(2D*<5/2>).15f""","=""""","=""""","="" 12.14510""","=""""","=""                                            ""","="""""
"=""3s2.3p3.(2D*<3/2>).16f""","=""""","=""""","="" 12.14865""","=""""","=""                                            ""","="""""
"=""3s2.3p3.(2D*<5/2>).16f""","=""""","=""""","="" 12.15256""","=""""","=""                                            ""","="""""
"=""3s2.3p3.(2D*<3/2>).17f""","=""""","=""""","="" 12.15470""","=""""","=""                                            ""","="""""
"=""3s2.3p3.(2D*).19s""","=""3D*""","=""2""","="" 12.1569""","=""""","=""                                            ""","="""""
"=""3s2.3p3.(2D*).19s""","=""3D*""","=""1""","="" 12.1569""","=""""","=""                                            ""","="""""
"=""3s2.3p3.(2D*).19s""","=""3D*""","=""3""","="" 12.1569""","=""""","=""                                            ""","="""""
"=""3s2.3p3.(2D*<5/2>).17f""","=""""","=""""","="" 12.15862""","=""""","=""                                            ""","="""""
"=""3s2.3p3.(2D*<3/2>).18f""","=""""","=""""","="" 12.15969""","=""""","=""                                            ""","="""""
"=""3s2.3p3.(2D*).20s""","=""3D*""","=""1""","="" 12.1620""","=""""","=""                                            ""","="""""
"=""3s2.3p3.(2D*).20s""","=""3D*""","=""3""","="" 12.1620""","=""""","=""                                            ""","="""""
"=""3s2.3p3.(2D*).20s""","=""3D*""","=""2""","="" 12.1620""","=""""","=""                                            ""","="""""
"=""3s2.3p3.(2D*<5/2>).18f""","=""""","=""""","="" 12.16362""","=""""","=""                                            ""","="""""
"=""3s2.3p3.(2D*).21s""","=""3D*""","=""1""","="" 12.1661""","=""""","=""                                            ""","="""""
"=""3s2.3p3.(2D*).21s""","=""3D*""","=""3""","="" 12.1661""","=""""","=""                                            ""","="""""
"=""3s2.3p3.(2D*).21s""","=""3D*""","=""2""","="" 12.1661""","=""""","=""                                            ""","="""""
"=""3s2.3p3.(2D*).22s""","=""3D*""","=""1""","="" 12.1697""","=""""","=""                                            ""","="""""
"=""3s2.3p3.(2D*).22s""","=""3D*""","=""3""","="" 12.1697""","=""""","=""                                            ""","="""""
"=""3s2.3p3.(2D*).22s""","=""3D*""","=""2""","="" 12.1697""","=""""","=""                                            ""","="""""
"=""3s2.3p3.(2D*).18s""","=""3D*""","=""2""","="" 12.2""","=""1.2""","=""                                            ""","="""""
"=""3s2.3p3.(2D*).18s""","=""3D*""","=""1""","="" 12.2""","=""1.2""","=""                                            ""","="""""
"=""3s2.3p3.(2D*).18s""","=""3D*""","=""3""","="" 12.2""","=""1.2""","=""                                            ""","="""""
"=""S II (3p3 2D*<3/2>)""","=""Limit""","=""---""","="" 12.20153""","=""""","=""                                            ""","="""""
"=""S II (3p3 2D*<5/2>)""","=""Limit""","=""---""","="" 12.20548""","=""""","=""                                            ""","="""""
"=""3s2.3p3.(2P*).4d""","=""3P*""","=""0""","="" 12.436a""","=""""","=""                                            ""","="""""
"=""3s2.3p3.(2P*).4d""","=""3P*""","=""2""","="" 12.436a""","=""""","=""                                            ""","="""""
"=""3s2.3p3.(2P*).4d""","=""3P*""","=""1""","="" 12.436a""","=""""","=""                                            ""","="""""
"=""3s2.3p3.(2P*).4d""","=""3D*""","=""2""","="" 12.465a""","=""""","=""                                            ""","="""""
"=""3s2.3p3.(2P*).4d""","=""3D*""","=""1""","="" 12.465a""","=""""","=""                                            ""","="""""
"=""3s2.3p3.(2P*).4d""","=""3D*""","=""3""","="" 12.465a""","=""""","=""                                            ""","="""""
"=""3s2.3p3.(2P*).6s""","=""3P*""","=""2""","="" 12.52a""","=""""","=""                                            ""","="""""
"=""3s2.3p3.(2P*).6s""","=""3P*""","=""1""","="" 12.52a""","=""""","=""                                            ""","="""""
"=""3s2.3p3.(2P*).6s""","=""3P*""","=""0""","="" 12.52a""","=""""","=""                                            ""","="""""
"=""3s2.3p3.(2P*).5d""","=""3P*""","=""2""","="" 12.794a""","=""""","=""                                            ""","="""""
"=""3s2.3p3.(2P*).5d""","=""3P*""","=""1""","="" 12.794a""","=""""","=""                                            ""","="""""
"=""3s2.3p3.(2P*).5d""","=""3P*""","=""0""","="" 12.794a""","=""""","=""                                            ""","="""""
"=""3s2.3p3.(2P*).5d""","=""3D*""","=""3""","="" 12.816a""","=""""","=""                                            ""","="""""
"=""3s2.3p3.(2P*).5d""","=""3D*""","=""2""","="" 12.816a""","=""""","=""                                            ""","="""""
"=""3s2.3p3.(2P*).5d""","=""3D*""","=""1""","="" 12.816a""","=""""","=""                                            ""","="""""
"=""3s2.3p3.(2P*).7s""","=""3P*""","=""1""","="" 12.845a""","=""""","=""                                            ""","="""""
"=""3s2.3p3.(2P*).7s""","=""3P*""","=""0""","="" 12.845a""","=""""","=""                                            ""","="""""
"=""3s2.3p3.(2P*).7s""","=""3P*""","=""2""","="" 12.845a""","=""""","=""                                            ""","="""""
"=""3s2.3p3.(2P*).6d""","=""3P*""","=""0""","="" 12.986a""","=""""","=""                                            ""","="""""
"=""3s2.3p3.(2P*).6d""","=""3P*""","=""2""","="" 12.986a""","=""""","=""                                            ""","="""""
"=""3s2.3p3.(2P*).6d""","=""3P*""","=""1""","="" 12.986a""","=""""","=""                                            ""","="""""
"=""3s2.3p3.(2P*).6d""","=""3D*""","=""1""","="" 13.002a""","=""""","=""                                            ""","="""""
"=""3s2.3p3.(2P*).6d""","=""3D*""","=""3""","="" 13.002a""","=""""","=""                                            ""","="""""
"=""3s2.3p3.(2P*).6d""","=""3D*""","=""2""","="" 13.002a""","=""""","=""                                            ""","="""""
"=""3s2.3p3.(2P*).8s""","=""3P*""","=""0""","="" 13.02a""","=""""","=""                                            ""","="""""
"=""3s2.3p3.(2P*).8s""","=""3P*""","=""2""","="" 13.02a""","=""""","=""                                            ""","="""""
"=""3s2.3p3.(2P*).8s""","=""3P*""","=""1""","="" 13.02a""","=""""","=""                                            ""","="""""
"=""3s2.3p3.(2P*).7d""","=""3P*""","=""1""","="" 13.100a""","=""""","=""                                            ""","="""""
"=""3s2.3p3.(2P*).7d""","=""3P*""","=""0""","="" 13.100a""","=""""","=""                                            ""","="""""
"=""3s2.3p3.(2P*).7d""","=""3P*""","=""2""","="" 13.100a""","=""""","=""                                            ""","="""""
"=""3s2.3p3.(2P*).7d""","=""3D*""","=""3""","="" 13.110a""","=""""","=""                                            ""","="""""
"=""3s2.3p3.(2P*).7d""","=""3D*""","=""2""","="" 13.110a""","=""""","=""                                            ""","="""""
"=""3s2.3p3.(2P*).7d""","=""3D*""","=""1""","="" 13.110a""","=""""","=""                                            ""","="""""
"=""3s2.3p3.(2P*).9s""","=""3P*""","=""2""","="" 13.127a""","=""""","=""                                            ""","="""""
"=""3s2.3p3.(2P*).9s""","=""3P*""","=""1""","="" 13.127a""","=""""","=""                                            ""","="""""
"=""3s2.3p3.(2P*).9s""","=""3P*""","=""0""","="" 13.127a""","=""""","=""                                            ""","="""""
"=""3s2.3p3.(2P*).8d""","=""3P*""","=""0""","="" 13.1728""","=""""","=""                                            ""","="""""
"=""3s2.3p3.(2P*).8d""","=""3P*""","=""2""","="" 13.1728""","=""""","=""                                            ""","="""""
"=""3s2.3p3.(2P*).8d""","=""3P*""","=""1""","="" 13.1728""","=""""","=""                                            ""","="""""
"=""3s2.3p3.(2P*).8d""","=""3D*""","=""2""","="" 13.181a""","=""""","=""                                            ""","="""""
"=""3s2.3p3.(2P*).8d""","=""3D*""","=""1""","="" 13.181a""","=""""","=""                                            ""","="""""
"=""3s2.3p3.(2P*).8d""","=""3D*""","=""3""","="" 13.181a""","=""""","=""                                            ""","="""""
"=""3s2.3p3.(2P*).10s""","=""3P*""","=""0""","="" 13.188a""","=""""","=""                                            ""","="""""
"=""3s2.3p3.(2P*).10s""","=""3P*""","=""2""","="" 13.188a""","=""""","=""                                            ""","="""""
"=""3s2.3p3.(2P*).10s""","=""3P*""","=""1""","="" 13.188a""","=""""","=""                                            ""","="""""
"=""3s2.3p3.(2P*).9d""","=""3P*""","=""0""","="" 13.2185""","=""""","=""                                            ""","="""""
"=""3s2.3p3.(2P*).9d""","=""3P*""","=""2""","="" 13.2185""","=""""","=""                                            ""","="""""
"=""3s2.3p3.(2P*).9d""","=""3P*""","=""1""","="" 13.2185""","=""""","=""                                            ""","="""""
"=""3s2.3p3.(2P*).10d""","=""3P*""","=""0""","="" 13.258""","=""""","=""                                            ""","="""""
"=""3s2.3p3.(2P*).10d""","=""3P*""","=""2""","="" 13.258""","=""""","=""                                            ""","="""""
"=""3s2.3p3.(2P*).10d""","=""3P*""","=""1""","="" 13.258""","=""""","=""                                            ""","="""""
"=""3s2.3p3.(2P*).11d""","=""3P*""","=""0""","="" 13.281""","=""""","=""                                            ""","="""""
"=""3s2.3p3.(2P*).11d""","=""3P*""","=""2""","="" 13.281""","=""""","=""                                            ""","="""""
"=""3s2.3p3.(2P*).11d""","=""3P*""","=""1""","="" 13.281""","=""""","=""                                            ""","="""""
"=""3s2.3p3.(2P*).12d""","=""3P*,3D*""","=""1 or 2 or 3""","="" 13.3019""","=""""","=""                                            ""","="""""
"=""3s2.3p3.(2P*).13d""","=""3P*,3D*""","=""1 or 2 or 3""","="" 13.3160""","=""""","=""                                            ""","="""""
"=""3s2.3p3.(2P*).14d""","=""3P*,3D*""","=""1 or 2 or 3""","="" 13.3299""","=""""","=""                                            ""","="""""
"=""3s2.3p3.(2P*).15d""","=""3P*,3D*""","=""1 or 2 or 3""","="" 13.3387""","=""""","=""                                            ""","="""""
"=""3s2.3p3.(2P*).16d""","=""3P*,3D*""","=""1 or 2 or 3""","="" 13.3463""","=""""","=""                                            ""","="""""
"=""S II (3p3 2P*<1/2>)""","=""Limit""","=""---""","="" 13.40071""","=""""","=""                                            ""","="""""
"=""S II (3p3 2P*<3/2>)""","=""Limit""","=""---""","="" 13.40650""","=""""","=""                                            ""","="""""
